1.000000e+00 4.930557e-17 4.829247e-18 4.656613e-10 4.854663e-17 1.000000e+00 -8.954832e-18 4.656613e-10 1.359800e-18 4.922955e-18 1.000000e+00 -7.275958e-12
9.999974e-01 -2.003757e-03 -1.101854e-03 8.281703e-01 2.004295e-03 9.999979e-01 4.873148e-04 4.277754e-02 1.100875e-03 -4.895219e-04 9.999993e-01 1.751986e-02
9.999895e-01 -4.006526e-03 -2.205565e-03 1.656341e+00 4.008673e-03 9.999915e-01 9.701003e-04 8.555512e-02 2.201660e-03 -9.789315e-04 9.999971e-01 3.503972e-02
9.999765e-01 -6.008297e-03 -3.311118e-03 2.484511e+00 6.013120e-03 9.999809e-01 1.448351e-03 1.283328e-01 3.302353e-03 -1.468227e-03 9.999935e-01 5.255958e-02
9.999582e-01 -8.009063e-03 -4.418498e-03 3.312682e+00 8.017618e-03 9.999660e-01 1.922061e-03 1.711104e-01 4.402954e-03 -1.957406e-03 9.999884e-01 7.007944e-02
9.999346e-01 -1.000881e-02 -5.527687e-03 4.140852e+00 1.002215e-02 9.999469e-01 2.391224e-03 2.138882e-01 5.503461e-03 -2.446467e-03 9.999819e-01 8.759930e-02
9.999059e-01 -1.200754e-02 -6.638672e-03 4.969023e+00 1.202671e-02 9.999236e-01 2.855836e-03 2.566660e-01 6.603873e-03 -2.935409e-03 9.999739e-01 1.051192e-01
9.998719e-01 -1.400523e-02 -7.751436e-03 5.797194e+00 1.403127e-02 9.998961e-01 3.315890e-03 2.994438e-01 7.704190e-03 -3.424228e-03 9.999645e-01 1.226390e-01
9.998327e-01 -1.600187e-02 -8.865963e-03 6.625365e+00 1.603582e-02 9.998643e-01 3.771382e-03 3.422217e-01 8.804411e-03 -3.912924e-03 9.999536e-01 1.401589e-01
9.997882e-01 -1.799746e-02 -9.982238e-03 7.453536e+00 1.804034e-02 9.998283e-01 4.222305e-03 3.849996e-01 9.904534e-03 -4.401494e-03 9.999413e-01 1.576787e-01
9.997385e-01 -1.999199e-02 -1.110025e-02 8.281707e+00 2.004482e-02 9.997882e-01 4.668654e-03 4.277776e-01 1.100456e-02 -4.889936e-03 9.999275e-01 1.751986e-01
9.996836e-01 -2.198545e-02 -1.221997e-02 9.109878e+00 2.204925e-02 9.997438e-01 5.110425e-03 4.705556e-01 1.210448e-02 -5.378249e-03 9.999123e-01 1.927185e-01
9.996235e-01 -2.397783e-02 -1.334139e-02 9.938049e+00 2.405359e-02 9.996953e-01 5.547611e-03 5.133337e-01 1.320431e-02 -5.866430e-03 9.998956e-01 2.102383e-01
9.995581e-01 -2.596912e-02 -1.446450e-02 1.076622e+01 2.605785e-02 9.996425e-01 5.980207e-03 5.561118e-01 1.430403e-02 -6.354478e-03 9.998775e-01 2.277582e-01
9.994875e-01 -2.795931e-02 -1.558928e-02 1.159439e+01 2.806201e-02 9.995856e-01 6.408209e-03 5.988900e-01 1.540365e-02 -6.842391e-03 9.998579e-01 2.452780e-01
9.994359e-01 -2.978728e-02 -1.550936e-02 1.241884e+01 2.986961e-02 9.995408e-01 5.104278e-03 6.421465e-01 1.535020e-02 -5.564657e-03 9.998667e-01 2.630040e-01
9.993306e-01 -3.193636e-02 -1.784378e-02 1.325074e+01 3.206993e-02 9.994593e-01 7.250408e-03 6.844465e-01 1.760258e-02 -7.817804e-03 9.998145e-01 2.803178e-01
9.992294e-01 -3.352688e-02 -2.041010e-02 1.409047e+01 3.369542e-02 9.994004e-01 7.970442e-03 7.297356e-01 2.013064e-02 -8.652026e-03 9.997599e-01 2.976725e-01
9.991124e-01 -3.559074e-02 -2.253448e-02 1.502456e+01 3.586222e-02 9.992875e-01 1.175998e-02 7.833449e-01 2.209987e-02 -1.255768e-02 9.996769e-01 3.180248e-01
9.990718e-01 -3.687771e-02 -2.225989e-02 1.588287e+01 3.717053e-02 9.992258e-01 1.288708e-02 8.319675e-01 2.176741e-02 -1.370254e-02 9.996692e-01 3.390747e-01
9.990491e-01 -3.842152e-02 -2.060725e-02 1.674834e+01 3.868667e-02 9.991716e-01 1.262621e-02 8.824632e-01 2.010506e-02 -1.341143e-02 9.997079e-01 3.628405e-01
9.990170e-01 -4.001700e-02 -1.906986e-02 1.770680e+01 4.026570e-02 9.991065e-01 1.284118e-02 9.345566e-01 1.853896e-02 -1.359642e-02 9.997357e-01 3.873902e-01
9.989805e-01 -4.114834e-02 -1.856983e-02 1.858494e+01 4.138184e-02 9.990668e-01 1.236982e-02 9.865812e-01 1.804350e-02 -1.312566e-02 9.997510e-01 4.074785e-01
9.988898e-01 -4.298516e-02 -1.927490e-02 1.955535e+01 4.323045e-02 9.989870e-01 1.249491e-02 1.040278e+00 1.871828e-02 -1.331430e-02 9.997361e-01 4.284918e-01
9.988232e-01 -4.402564e-02 -2.034767e-02 2.044095e+01 4.425226e-02 9.989617e-01 1.082462e-02 1.091880e+00 1.984998e-02 -1.171231e-02 9.997344e-01 4.480616e-01
9.988180e-01 -4.479209e-02 -1.887465e-02 2.133135e+01 4.499617e-02 9.989317e-01 1.053012e-02 1.141747e+00 1.838282e-02 -1.136696e-02 9.997664e-01 4.690946e-01
9.988874e-01 -4.477652e-02 -1.479648e-02 2.231732e+01 4.496001e-02 9.989129e-01 1.230982e-02 1.200404e+00 1.422920e-02 -1.296138e-02 9.998147e-01 4.965700e-01
9.989692e-01 -4.397615e-02 -1.125524e-02 2.321833e+01 4.412242e-02 9.989403e-01 1.309585e-02 1.253115e+00 1.066741e-02 -1.357896e-02 9.998509e-01 5.224019e-01
9.990552e-01 -4.258590e-02 -8.671969e-03 2.412548e+01 4.268981e-02 9.990142e-01 1.217259e-02 1.304633e+00 8.145040e-03 -1.253130e-02 9.998883e-01 5.432728e-01
9.991288e-01 -4.105736e-02 -7.481518e-03 2.512826e+01 4.114515e-02 9.990813e-01 1.198402e-02 1.360609e+00 6.982613e-03 -1.228140e-02 9.999002e-01 5.605506e-01
9.991532e-01 -3.993042e-02 -9.923468e-03 2.604385e+01 4.005055e-02 9.991230e-01 1.221724e-02 1.410338e+00 9.426926e-03 -1.260433e-02 9.998761e-01 5.720764e-01
9.991214e-01 -3.894297e-02 -1.548748e-02 2.705903e+01 3.914888e-02 9.991459e-01 1.322201e-02 1.464734e+00 1.495935e-02 -1.381671e-02 9.997926e-01 5.839230e-01
9.991089e-01 -3.778084e-02 -1.881318e-02 2.798707e+01 3.802028e-02 9.991983e-01 1.253613e-02 1.513450e+00 1.832448e-02 -1.324024e-02 9.997444e-01 5.983054e-01
9.991565e-01 -3.708206e-02 -1.764240e-02 2.892092e+01 3.726569e-02 9.992534e-01 1.019567e-02 1.561354e+00 1.725115e-02 -1.084452e-02 9.997924e-01 6.198173e-01
9.992270e-01 -3.730460e-02 -1.240256e-02 2.995311e+01 3.740937e-02 9.992653e-01 8.325314e-03 1.613298e+00 1.208287e-02 -8.782850e-03 9.998884e-01 6.455287e-01
9.992357e-01 -3.818444e-02 -8.370262e-03 3.089433e+01 3.822858e-02 9.992556e-01 5.179055e-03 1.661077e+00 8.166272e-03 -5.495079e-03 9.999516e-01 6.681347e-01
9.991970e-01 -3.919880e-02 -8.301011e-03 3.183862e+01 3.918017e-02 9.992293e-01 -2.395272e-03 1.704183e+00 8.388505e-03 2.068114e-03 9.999627e-01 6.844452e-01
9.990849e-01 -4.095097e-02 -1.234310e-02 3.288076e+01 4.088508e-02 9.991485e-01 -5.544172e-03 1.754701e+00 1.255962e-02 5.034450e-03 9.999085e-01 6.952158e-01
9.989593e-01 -4.247442e-02 -1.662233e-02 3.383307e+01 4.240063e-02 9.990893e-01 -4.766948e-03 1.805442e+00 1.680966e-02 4.057190e-03 9.998505e-01 7.076630e-01
9.988538e-01 -4.434927e-02 -1.800699e-02 3.480770e+01 4.428045e-02 9.990103e-01 -4.203073e-03 1.859990e+00 1.817557e-02 3.400898e-03 9.998290e-01 7.353952e-01
9.988427e-01 -4.545834e-02 -1.571012e-02 3.592543e+01 4.539731e-02 9.989601e-01 -4.220024e-03 1.926984e+00 1.588562e-02 3.501943e-03 9.998677e-01 7.947559e-01
9.988411e-01 -4.639864e-02 -1.279433e-02 3.692839e+01 4.639009e-02 9.989229e-01 -9.640628e-04 1.988806e+00 1.282528e-02 3.694155e-04 9.999177e-01 8.401510e-01
9.987910e-01 -4.774722e-02 -1.169211e-02 3.803305e+01 4.774237e-02 9.988594e-01 -6.936721e-04 2.057146e+00 1.171189e-02 1.346246e-04 9.999314e-01 8.879128e-01
9.987692e-01 -4.868211e-02 -9.493071e-03 3.902621e+01 4.868560e-02 9.988141e-01 1.363299e-04 2.117395e+00 9.475177e-03 -5.983379e-04 9.999549e-01 9.223706e-01
9.987973e-01 -4.869732e-02 -5.707922e-03 4.002330e+01 4.869574e-02 9.988136e-01 -4.158629e-04 2.180682e+00 5.721401e-03 1.374113e-04 9.999836e-01 9.590946e-01
9.987808e-01 -4.918339e-02 -4.234990e-03 4.110636e+01 4.920728e-02 9.987721e-01 5.736608e-03 2.253833e+00 3.947645e-03 -5.938007e-03 9.999746e-01 9.836850e-01
9.987860e-01 -4.910143e-02 -3.957622e-03 4.209265e+01 4.912541e-02 9.987733e-01 6.208678e-03 2.321097e+00 3.647912e-03 -6.395560e-03 9.999729e-01 1.006420e+00
9.987699e-01 -4.926482e-02 -5.621828e-03 4.306878e+01 4.929757e-02 9.987670e-01 5.843911e-03 2.384308e+00 5.326998e-03 -6.113865e-03 9.999671e-01 1.022186e+00
9.987581e-01 -4.906174e-02 -8.669518e-03 4.413866e+01 4.913323e-02 9.987583e-01 8.234860e-03 2.457778e+00 8.254736e-03 -8.650594e-03 9.999285e-01 1.042643e+00
9.987108e-01 -4.999563e-02 -8.785740e-03 4.510347e+01 5.006684e-02 9.987132e-01 8.080919e-03 2.518875e+00 8.370423e-03 -8.510376e-03 9.999288e-01 1.068344e+00
9.986590e-01 -5.127362e-02 -7.157625e-03 4.606627e+01 5.131751e-02 9.986638e-01 6.088429e-03 2.578556e+00 6.835886e-03 -6.447575e-03 9.999558e-01 1.093312e+00
9.986186e-01 -5.218467e-02 -6.134395e-03 4.712112e+01 5.222337e-02 9.986154e-01 6.327796e-03 2.648769e+00 5.795687e-03 -6.639414e-03 9.999612e-01 1.121736e+00
9.985891e-01 -5.244848e-02 -8.307789e-03 4.807351e+01 5.252320e-02 9.985787e-01 9.046423e-03 2.715903e+00 7.821510e-03 -9.470011e-03 9.999246e-01 1.142269e+00
9.984839e-01 -5.325551e-02 -1.391860e-02 4.911693e+01 5.338994e-02 9.985288e-01 9.471758e-03 2.789604e+00 1.339370e-02 -1.020051e-02 9.998583e-01 1.160277e+00
9.984487e-01 -5.370471e-02 -1.469487e-02 5.006224e+01 5.385261e-02 9.985002e-01 9.861349e-03 2.853021e+00 1.414323e-02 -1.063741e-02 9.998434e-01 1.179778e+00
9.984754e-01 -5.398174e-02 -1.152203e-02 5.100640e+01 5.409293e-02 9.984901e-01 9.566985e-03 2.915466e+00 1.098819e-02 -1.017566e-02 9.998879e-01 1.210178e+00
9.984917e-01 -5.429619e-02 -8.138410e-03 5.203939e+01 5.435154e-02 9.984991e-01 6.741622e-03 2.984693e+00 7.760151e-03 -7.173788e-03 9.999442e-01 1.238133e+00
9.984840e-01 -5.456518e-02 -7.228620e-03 5.297472e+01 5.460602e-02 9.984924e-01 5.578156e-03 3.047523e+00 6.913349e-03 -5.964426e-03 9.999583e-01 1.259759e+00
9.984701e-01 -5.473062e-02 -7.881359e-03 5.390606e+01 5.475281e-02 9.984965e-01 2.627493e-03 3.109129e+00 7.725705e-03 -3.055000e-03 9.999655e-01 1.277596e+00
9.984223e-01 -5.533850e-02 -9.512966e-03 5.492814e+01 5.533174e-02 9.984676e-01 -9.721147e-04 3.172097e+00 9.552184e-03 4.442120e-04 9.999543e-01 1.295948e+00
9.983657e-01 -5.649915e-02 -8.589999e-03 5.585356e+01 5.648085e-02 9.984009e-01 -2.358921e-03 3.232013e+00 8.709539e-03 1.869895e-03 9.999603e-01 1.314252e+00
9.983334e-01 -5.758475e-02 -3.796037e-03 5.686955e+01 5.756439e-02 9.983279e-01 -5.272030e-03 3.297596e+00 4.093278e-03 5.044727e-03 9.999789e-01 1.335414e+00
9.983163e-01 -5.798139e-02 1.630040e-03 5.779111e+01 5.799117e-02 9.982941e-01 -6.777916e-03 3.363324e+00 -1.234267e-03 6.861033e-03 9.999757e-01 1.350132e+00
9.982823e-01 -5.847502e-02 3.615927e-03 5.870813e+01 5.849364e-02 9.982738e-01 -5.277661e-03 3.431645e+00 -3.301074e-03 5.480105e-03 9.999795e-01 1.360867e+00
9.981905e-01 -6.012400e-02 9.082497e-04 5.970717e+01 6.012699e-02 9.981838e-01 -3.724501e-03 3.500553e+00 -6.826682e-04 3.772372e-03 9.999927e-01 1.370626e+00
9.980692e-01 -6.167576e-02 -7.343604e-03 6.060428e+01 6.165800e-02 9.980939e-01 -2.620770e-03 3.558440e+00 7.491244e-03 2.162917e-03 9.999696e-01 1.374460e+00
9.979407e-01 -6.278907e-02 -1.310866e-02 6.149217e+01 6.276786e-02 9.980261e-01 -2.023271e-03 3.615918e+00 1.320982e-02 1.196302e-03 9.999120e-01 1.385362e+00
9.978640e-01 -6.410087e-02 -1.258708e-02 6.245823e+01 6.414833e-02 9.979346e-01 3.403388e-03 3.687516e+00 1.234292e-02 -4.203558e-03 9.999150e-01 1.405400e+00
9.978429e-01 -6.488545e-02 -9.972096e-03 6.332286e+01 6.495267e-02 9.978667e-01 6.571701e-03 3.749879e+00 9.524415e-03 -7.205240e-03 9.999287e-01 1.431312e+00
9.977724e-01 -6.618730e-02 -8.336277e-03 6.417405e+01 6.626451e-02 9.977583e-01 9.353034e-03 3.812899e+00 7.698537e-03 -9.884598e-03 9.999215e-01 1.455933e+00
9.976760e-01 -6.750514e-02 -9.256271e-03 6.509571e+01 6.759234e-02 9.976682e-01 9.456220e-03 3.881101e+00 8.596343e-03 -1.005990e-02 9.999124e-01 1.475514e+00
9.975752e-01 -6.907675e-02 -8.494510e-03 6.592054e+01 6.916740e-02 9.975457e-01 1.088564e-02 3.944433e+00 7.721717e-03 -1.144679e-02 9.999047e-01 1.494020e+00
9.974697e-01 -7.065461e-02 -7.885075e-03 6.681378e+01 7.074778e-02 9.974191e-01 1.223973e-02 4.013668e+00 6.999931e-03 -1.276661e-02 9.998940e-01 1.516224e+00
9.973657e-01 -7.220911e-02 -6.891804e-03 6.761306e+01 7.228821e-02 9.973114e-01 1.201637e-02 4.075532e+00 6.005583e-03 -1.248291e-02 9.999041e-01 1.535658e+00
9.972683e-01 -7.360291e-02 -6.203628e-03 6.840059e+01 7.367079e-02 9.972159e-01 1.153439e-02 4.136919e+00 5.337392e-03 -1.195991e-02 9.999142e-01 1.552421e+00
9.971712e-01 -7.506028e-02 -3.947239e-03 6.925226e+01 7.510857e-02 9.970773e-01 1.398399e-02 4.205991e+00 2.886060e-03 -1.424090e-02 9.998944e-01 1.571452e+00
9.970967e-01 -7.614405e-02 4.378232e-04 7.001473e+01 7.612769e-02 9.969732e-01 1.577898e-02 4.270094e+00 -1.637974e-03 -1.569984e-02 9.998754e-01 1.588825e+00
9.969543e-01 -7.795930e-02 2.130262e-03 7.076253e+01 7.790801e-02 9.967950e-01 1.817036e-02 4.327480e+00 -3.539983e-03 -1.794905e-02 9.998326e-01 1.607361e+00
9.968217e-01 -7.964811e-02 -1.653013e-03 7.156351e+01 7.966525e-02 9.965936e-01 2.132166e-02 4.396749e+00 -5.084778e-05 -2.138558e-02 9.997713e-01 1.622442e+00
9.966834e-01 -8.087548e-02 -9.024444e-03 7.227298e+01 8.105588e-02 9.964704e-01 2.183307e-02 4.457889e+00 7.226832e-03 -2.249214e-02 9.997209e-01 1.633420e+00
9.964779e-01 -8.252730e-02 -1.486794e-02 7.303303e+01 8.282473e-02 9.963503e-01 2.064244e-02 4.525043e+00 1.311011e-02 -2.180117e-02 9.996764e-01 1.644102e+00
9.964121e-01 -8.291601e-02 -1.696596e-02 7.370481e+01 8.327002e-02 9.962984e-01 2.134705e-02 4.587013e+00 1.513315e-02 -2.268322e-02 9.996282e-01 1.660231e+00
9.964022e-01 -8.361039e-02 -1.385363e-02 7.435575e+01 8.392251e-02 9.961897e-01 2.373115e-02 4.648696e+00 1.181668e-02 -2.480840e-02 9.996224e-01 1.685905e+00
9.963302e-01 -8.494501e-02 -1.051320e-02 7.504816e+01 8.518416e-02 9.960542e-01 2.489459e-02 4.711884e+00 8.357043e-03 -2.569879e-02 9.996348e-01 1.719780e+00
9.961837e-01 -8.626059e-02 -1.330722e-02 7.565792e+01 8.653724e-02 9.960092e-01 2.184193e-02 4.765187e+00 1.137002e-02 -2.291014e-02 9.996729e-01 1.740544e+00
9.961055e-01 -8.644423e-02 -1.735861e-02 7.625211e+01 8.669284e-02 9.961350e-01 1.411911e-02 4.815022e+00 1.607101e-02 -1.556899e-02 9.997496e-01 1.759220e+00
9.960623e-01 -8.563957e-02 -2.292747e-02 7.688748e+01 8.587343e-02 9.962616e-01 9.415884e-03 4.870985e+00 2.203539e-02 -1.134767e-02 9.996928e-01 1.780626e+00
9.962882e-01 -8.277896e-02 -2.361282e-02 7.744981e+01 8.305632e-02 9.964840e-01 1.101605e-02 4.924440e+00 2.261790e-02 -1.293636e-02 9.996605e-01 1.801899e+00
9.966575e-01 -7.894924e-02 -2.099615e-02 7.799719e+01 7.930617e-02 9.967096e-01 1.674717e-02 4.976795e+00 1.960489e-02 -1.835632e-02 9.996393e-01 1.826406e+00
9.970912e-01 -7.416091e-02 -1.758917e-02 7.858488e+01 7.443727e-02 9.971034e-01 1.561430e-02 5.026636e+00 1.638025e-02 -1.687817e-02 9.997234e-01 1.852056e+00
9.975141e-01 -6.916677e-02 -1.347232e-02 7.910664e+01 6.932092e-02 9.975301e-01 1.133142e-02 5.060861e+00 1.265529e-02 -1.223717e-02 9.998450e-01 1.878545e+00
9.981106e-01 -6.081646e-02 -8.755072e-03 7.966754e+01 6.087971e-02 9.981195e-01 7.148455e-03 5.098688e+00 8.303865e-03 -7.667955e-03 9.999361e-01 1.908069e+00
9.986663e-01 -5.072131e-02 -9.646117e-03 8.016432e+01 5.081700e-02 9.986584e-01 9.947978e-03 5.132025e+00 9.128602e-03 -1.042490e-02 9.999040e-01 1.923696e+00
9.992800e-01 -3.651444e-02 -1.030066e-02 8.065031e+01 3.667099e-02 9.992081e-01 1.544226e-02 5.170156e+00 9.728635e-03 -1.580888e-02 9.998277e-01 1.937490e+00
9.997986e-01 -1.751003e-02 -9.802789e-03 8.117297e+01 1.771165e-02 9.996252e-01 2.087298e-02 5.201142e+00 9.433629e-03 -2.104240e-02 9.997341e-01 1.952427e+00
9.999517e-01 3.222410e-03 -9.289628e-03 8.163535e+01 -3.038872e-03 9.998012e-01 1.970423e-02 5.213566e+00 9.351276e-03 -1.967505e-02 9.997627e-01 1.965513e+00
9.995086e-01 3.024563e-02 -8.227414e-03 8.213148e+01 -3.011028e-02 9.994168e-01 1.610506e-02 5.214380e+00 8.709724e-03 -1.584942e-02 9.998365e-01 1.983461e+00
9.982853e-01 5.814642e-02 -6.739302e-03 8.257505e+01 -5.804051e-02 9.982020e-01 1.496931e-02 5.203254e+00 7.597596e-03 -1.455249e-02 9.998652e-01 1.998955e+00
9.959946e-01 8.925974e-02 -5.244879e-03 8.301407e+01 -8.917413e-02 9.959067e-01 1.476102e-02 5.181769e+00 6.540974e-03 -1.423418e-02 9.998773e-01 2.013425e+00
9.917871e-01 1.278238e-01 -4.403929e-03 8.349051e+01 -1.277462e-01 9.916960e-01 1.483237e-02 5.141987e+00 6.263288e-03 -1.414797e-02 9.998803e-01 2.026813e+00
9.859535e-01 1.669618e-01 -4.415796e-03 8.391833e+01 -1.668777e-01 9.858598e-01 1.524000e-02 5.091853e+00 6.897854e-03 -1.428903e-02 9.998741e-01 2.036278e+00
9.778326e-01 2.093434e-01 -4.331278e-03 8.433736e+01 -2.092571e-01 9.777430e-01 1.516897e-02 5.023929e+00 7.410402e-03 -1.392637e-02 9.998756e-01 2.048245e+00
9.656971e-01 2.596140e-01 -5.446407e-03 8.478710e+01 -2.594841e-01 9.655851e-01 1.770451e-02 4.928972e+00 9.855309e-03 -1.568394e-02 9.998284e-01 2.062261e+00
9.509695e-01 3.091895e-01 -7.677211e-03 8.518379e+01 -3.090045e-01 9.508714e-01 1.896703e-02 4.823312e+00 1.316445e-02 -1.566477e-02 9.997906e-01 2.074071e+00
9.303578e-01 3.665307e-01 -9.467239e-03 8.560741e+01 -3.663046e-01 9.302893e-01 1.956188e-02 4.685583e+00 1.597730e-02 -1.473166e-02 9.997638e-01 2.084239e+00
9.074408e-01 4.200420e-01 -1.076397e-02 8.597750e+01 -4.197754e-01 9.073935e-01 2.063072e-02 4.538385e+00 1.843292e-02 -1.420271e-02 9.997292e-01 2.090916e+00
8.803282e-01 4.741995e-01 -1.253092e-02 8.633381e+01 -4.738898e-01 8.803216e-01 2.150429e-02 4.372008e+00 2.122857e-02 -1.299256e-02 9.996902e-01 2.097264e+00
8.459289e-01 5.330677e-01 -1.559296e-02 8.670678e+01 -5.327551e-01 8.460262e-01 2.029060e-02 4.165016e+00 2.400832e-02 -8.857178e-03 9.996725e-01 2.107906e+00
8.113957e-01 5.842591e-01 -1.668390e-02 8.702824e+01 -5.839421e-01 8.115385e-01 2.041944e-02 3.957664e+00 2.546987e-02 -6.825816e-03 9.996523e-01 2.122272e+00
7.701302e-01 6.376844e-01 -1.606641e-02 8.736576e+01 -6.374100e-01 7.702841e-01 1.925839e-02 3.709462e+00 2.465648e-02 -4.590580e-03 9.996854e-01 2.139393e+00
7.300110e-01 6.833056e-01 -1.332006e-02 8.765615e+01 -6.830528e-01 7.301158e-01 1.923077e-02 3.460474e+00 2.286568e-02 -4.940370e-03 9.997263e-01 2.151410e+00
6.876948e-01 7.258839e-01 -1.297666e-02 8.792990e+01 -7.256535e-01 6.878090e-01 1.859724e-02 3.196013e+00 2.242490e-02 -3.372665e-03 9.997428e-01 2.161540e+00
6.396031e-01 7.685372e-01 -1.607932e-02 8.820772e+01 -7.683325e-01 6.398044e-01 1.776471e-02 2.883342e+00 2.394046e-02 9.919021e-04 9.997129e-01 2.171169e+00
5.956198e-01 8.029856e-01 -2.124145e-02 8.843952e+01 -8.028805e-01 5.959451e-01 1.524222e-02 2.586574e+00 2.489802e-02 7.975775e-03 9.996582e-01 2.182561e+00
5.472948e-01 8.366929e-01 -2.033116e-02 8.867678e+01 -8.365439e-01 5.476216e-01 1.746118e-02 2.248544e+00 2.574343e-02 7.451493e-03 9.996408e-01 2.195573e+00
5.027925e-01 8.642473e-01 -1.662289e-02 8.887997e+01 -8.640054e-01 5.030522e-01 2.081460e-02 1.928648e+00 2.635114e-02 3.896842e-03 9.996452e-01 2.205111e+00
4.600141e-01 8.877679e-01 -1.597362e-02 8.906603e+01 -8.874751e-01 4.602776e-01 2.307514e-02 1.597135e+00 2.783767e-02 3.561298e-03 9.996061e-01 2.214460e+00
4.160394e-01 9.090745e-01 -2.224558e-02 8.924392e+01 -9.088951e-01 4.164791e-01 2.132680e-02 1.224436e+00 2.865247e-02 1.134611e-02 9.995250e-01 2.226848e+00
3.789388e-01 9.247685e-01 -3.476582e-02 8.938508e+01 -9.250578e-01 3.795758e-01 1.379053e-02 8.715306e-01 2.594931e-02 2.693463e-02 9.993003e-01 2.239880e+00
3.455291e-01 9.376004e-01 -3.892548e-02 8.951463e+01 -9.381219e-01 3.461508e-01 1.034518e-02 5.157595e-01 2.317373e-02 3.294228e-02 9.991886e-01 2.252285e+00
3.112304e-01 9.495973e-01 -3.742548e-02 8.965738e+01 -9.499964e-01 3.119287e-01 1.440022e-02 1.172264e-01 2.534849e-02 3.107228e-02 9.991957e-01 2.261589e+00
2.817484e-01 9.590871e-01 -2.774436e-02 8.978271e+01 -9.590471e-01 2.823779e-01 2.216762e-02 -2.501534e-01 2.909508e-02 2.036246e-02 9.993692e-01 2.273344e+00
2.544830e-01 9.668141e-01 -2.255989e-02 8.989362e+01 -9.665564e-01 2.550422e-01 2.687221e-02 -6.238440e-01 3.173415e-02 1.496689e-02 9.993843e-01 2.290589e+00
2.276905e-01 9.734397e-01 -2.391907e-02 8.999855e+01 -9.731485e-01 2.283364e-01 2.906080e-02 -1.049788e+00 3.375053e-02 1.665994e-02 9.992914e-01 2.307944e+00
2.050941e-01 9.782829e-01 -2.998172e-02 9.007950e+01 -9.781015e-01 2.059719e-01 2.988351e-02 -1.446524e+00 3.540992e-02 2.319624e-02 9.991036e-01 2.322156e+00
1.856186e-01 9.818308e-01 -3.942041e-02 9.014934e+01 -9.817057e-01 1.870282e-01 3.569783e-02 -1.859588e+00 4.242196e-02 3.207306e-02 9.985848e-01 2.318029e+00
1.647591e-01 9.854075e-01 -4.273838e-02 9.022708e+01 -9.850318e-01 1.666127e-01 4.418704e-02 -2.323334e+00 5.066300e-02 3.481845e-02 9.981087e-01 2.313635e+00
1.478382e-01 9.882051e-01 -3.993293e-02 9.029565e+01 -9.876901e-01 1.496068e-01 4.567321e-02 -2.758122e+00 5.110874e-02 3.268911e-02 9.981580e-01 2.328002e+00
1.331615e-01 9.904404e-01 -3.599876e-02 9.035675e+01 -9.900524e-01 1.345988e-01 4.097942e-02 -3.205345e+00 4.543306e-02 3.018377e-02 9.985113e-01 2.357439e+00
1.177455e-01 9.924173e-01 -3.526849e-02 9.041226e+01 -9.921917e-01 1.190412e-01 3.721281e-02 -3.708878e+00 4.112904e-02 3.061147e-02 9.986848e-01 2.388968e+00
1.047980e-01 9.938058e-01 -3.697974e-02 9.045468e+01 -9.937365e-01 1.060964e-01 3.508912e-02 -4.178842e+00 3.879518e-02 3.307085e-02 9.986998e-01 2.413983e+00
9.222003e-02 9.949054e-01 -4.072738e-02 9.049327e+01 -9.950218e-01 9.362828e-02 3.413778e-02 -4.709554e+00 3.777710e-02 3.737644e-02 9.985869e-01 2.436735e+00
8.218131e-02 9.956558e-01 -4.376985e-02 9.052388e+01 -9.958808e-01 8.372957e-02 3.479667e-02 -5.208557e+00 3.831033e-02 4.072992e-02 9.984355e-01 2.456878e+00
7.392365e-02 9.962127e-01 -4.577820e-02 9.055142e+01 -9.965090e-01 7.557553e-02 3.546907e-02 -5.721829e+00 3.879445e-02 4.299639e-02 9.983217e-01 2.477723e+00
6.749828e-02 9.965867e-01 -4.752882e-02 9.057772e+01 -9.969588e-01 6.922995e-02 3.578120e-02 -6.303373e+00 3.894948e-02 4.496911e-02 9.982288e-01 2.499820e+00
6.183056e-02 9.968878e-01 -4.890488e-02 9.060142e+01 -9.972877e-01 6.366704e-02 3.692952e-02 -6.850081e+00 3.992822e-02 4.648886e-02 9.981205e-01 2.517347e+00
5.567473e-02 9.972398e-01 -4.912292e-02 9.062439e+01 -9.976205e-01 5.756501e-02 3.794295e-02 -7.413660e+00 4.066598e-02 4.689356e-02 9.980718e-01 2.533867e+00
5.069426e-02 9.973825e-01 -5.155784e-02 9.064646e+01 -9.978904e-01 5.268129e-02 3.793949e-02 -8.055248e+00 4.055631e-02 4.952576e-02 9.979491e-01 2.556824e+00
4.732530e-02 9.974665e-01 -5.311213e-02 9.065746e+01 -9.980662e-01 4.936517e-02 3.777521e-02 -8.653496e+00 4.030140e-02 5.122170e-02 9.978738e-01 2.577000e+00
4.395537e-02 9.975713e-01 -5.403121e-02 9.067081e+01 -9.982388e-01 4.601290e-02 3.744491e-02 -9.269698e+00 3.984010e-02 5.229015e-02 9.978369e-01 2.599141e+00
4.058199e-02 9.976288e-01 -5.558626e-02 9.067899e+01 -9.984107e-01 4.266541e-02 3.682108e-02 -9.965753e+00 3.910538e-02 5.400364e-02 9.977747e-01 2.623446e+00
3.923585e-02 9.974246e-01 -6.003961e-02 9.068578e+01 -9.984734e-01 4.147306e-02 3.648071e-02 -1.061393e+01 3.887679e-02 5.851660e-02 9.975291e-01 2.646394e+00
3.940222e-02 9.971605e-01 -6.417537e-02 9.068781e+01 -9.984747e-01 4.177727e-02 3.609674e-02 -1.134351e+01 3.867532e-02 6.265519e-02 9.972856e-01 2.670358e+00
4.112389e-02 9.969712e-01 -6.600951e-02 9.069428e+01 -9.984048e-01 4.356136e-02 3.592106e-02 -1.202499e+01 3.868773e-02 6.442700e-02 9.971722e-01 2.692879e+00
4.412627e-02 9.966753e-01 -6.849180e-02 9.070381e+01 -9.982563e-01 4.667912e-02 3.612991e-02 -1.272133e+01 3.920693e-02 6.677809e-02 9.969972e-01 2.716585e+00
4.807542e-02 9.964266e-01 -6.944660e-02 9.071527e+01 -9.980714e-01 5.065556e-02 3.588152e-02 -1.350530e+01 3.927116e-02 6.758765e-02 9.969402e-01 2.743652e+00
5.177809e-02 9.961434e-01 -7.083321e-02 9.073539e+01 -9.979449e-01 5.429188e-02 3.403517e-02 -1.423353e+01 3.774958e-02 6.892536e-02 9.969073e-01 2.774608e+00
5.557455e-02 9.959348e-01 -7.088929e-02 9.075897e+01 -9.977851e-01 5.799653e-02 3.257616e-02 -1.497500e+01 3.655507e-02 6.892187e-02 9.969521e-01 2.805673e+00
5.997055e-02 9.958832e-01 -6.797225e-02 9.079278e+01 -9.976080e-01 6.214092e-02 3.027689e-02 -1.580705e+01 3.437610e-02 6.599394e-02 9.972277e-01 2.837836e+00
6.387361e-02 9.957046e-01 -6.702595e-02 9.082665e+01 -9.973970e-01 6.594517e-02 2.916135e-02 -1.657087e+01 3.345613e-02 6.498885e-02 9.973250e-01 2.865988e+00
6.806087e-02 9.955909e-01 -6.454831e-02 9.086928e+01 -9.970836e-01 7.011645e-02 3.013130e-02 -1.742074e+01 3.452435e-02 6.230931e-02 9.974596e-01 2.897419e+00
7.112338e-02 9.954870e-01 -6.282640e-02 9.091256e+01 -9.967492e-01 7.332094e-02 3.339135e-02 -1.819757e+01 3.784715e-02 6.024726e-02 9.974657e-01 2.927079e+00
7.220448e-02 9.957117e-01 -5.783315e-02 9.096069e+01 -9.964346e-01 7.455117e-02 3.950037e-02 -1.898063e+01 4.364252e-02 5.477485e-02 9.975445e-01 2.953879e+00
7.175889e-02 9.958888e-01 -5.528334e-02 9.101207e+01 -9.963344e-01 7.415814e-02 4.264229e-02 -1.984563e+01 4.656669e-02 5.202073e-02 9.975597e-01 2.987725e+00
7.186653e-02 9.960080e-01 -5.294671e-02 9.105845e+01 -9.963305e-01 7.416111e-02 4.272681e-02 -2.063341e+01 4.648283e-02 4.968179e-02 9.976828e-01 3.028969e+00
7.185302e-02 9.961663e-01 -4.989781e-02 9.110539e+01 -9.964593e-01 7.388395e-02 4.012392e-02 -2.142088e+01 4.365675e-02 4.683811e-02 9.979480e-01 3.075681e+00
7.169990e-02 9.961365e-01 -5.070664e-02 9.115432e+01 -9.964967e-01 7.373472e-02 3.946486e-02 -2.228628e+01 4.305123e-02 4.769938e-02 9.979335e-01 3.123268e+00
7.193194e-02 9.962339e-01 -4.841205e-02 9.119722e+01 -9.965328e-01 7.381871e-02 3.838234e-02 -2.307345e+01 4.181151e-02 4.548328e-02 9.980897e-01 3.166930e+00
7.161054e-02 9.963339e-01 -4.680456e-02 9.123865e+01 -9.965613e-01 7.343024e-02 3.838827e-02 -2.385922e+01 4.168440e-02 4.389460e-02 9.981662e-01 3.212942e+00
7.167135e-02 9.964499e-01 -4.416867e-02 9.128775e+01 -9.965264e-01 7.341899e-02 3.930282e-02 -2.472226e+01 4.240611e-02 4.119836e-02 9.982507e-01 3.258426e+00
7.042511e-02 9.966607e-01 -4.132586e-02 9.133227e+01 -9.965725e-01 7.210052e-02 4.055624e-02 -2.550424e+01 4.340042e-02 3.832804e-02 9.983223e-01 3.298650e+00
6.750545e-02 9.969873e-01 -3.820004e-02 9.138263e+01 -9.967860e-01 6.904822e-02 4.062083e-02 -2.636479e+01 4.313610e-02 3.533514e-02 9.984441e-01 3.344690e+00
6.376823e-02 9.973345e-01 -3.546107e-02 9.142509e+01 -9.970977e-01 6.515348e-02 3.938582e-02 -2.714584e+01 4.159125e-02 3.284658e-02 9.985946e-01 3.387991e+00
5.911327e-02 9.977007e-01 -3.315076e-02 9.146595e+01 -9.974922e-01 6.033056e-02 3.700727e-02 -2.792753e+01 3.892219e-02 3.088001e-02 9.987650e-01 3.433536e+00
5.247041e-02 9.981522e-01 -3.064369e-02 9.150433e+01 -9.979662e-01 5.352351e-02 3.462098e-02 -2.878822e+01 3.619717e-02 2.876479e-02 9.989306e-01 3.481622e+00
4.523233e-02 9.985280e-01 -2.993065e-02 9.153232e+01 -9.983279e-01 4.626211e-02 3.465734e-02 -2.956702e+01 3.599098e-02 2.831297e-02 9.989510e-01 3.521870e+00
3.676325e-02 9.988981e-01 -2.917376e-02 9.155510e+01 -9.986465e-01 3.779747e-02 3.572834e-02 -3.034292e+01 3.679167e-02 2.782079e-02 9.989356e-01 3.559038e+00
2.603551e-02 9.992253e-01 -2.951135e-02 9.156940e+01 -9.989621e-01 2.710972e-02 3.660400e-02 -3.119535e+01 3.737569e-02 2.852771e-02 9.988940e-01 3.599699e+00
1.615381e-02 9.994088e-01 -3.035026e-02 9.157570e+01 -9.992092e-01 1.723867e-02 3.582983e-02 -3.196597e+01 3.633184e-02 2.974747e-02 9.988969e-01 3.639248e+00
4.690493e-03 9.995668e-01 -2.905398e-02 9.157505e+01 -9.993933e-01 5.688431e-03 3.436086e-02 -3.280954e+01 3.451125e-02 2.887518e-02 9.989871e-01 3.682563e+00
-6.094821e-03 9.995284e-01 -3.009657e-02 9.156454e+01 -9.994162e-01 -5.076853e-03 3.378473e-02 -3.357464e+01 3.361600e-02 3.028491e-02 9.989759e-01 3.717624e+00
-1.684767e-02 9.994015e-01 -3.021159e-02 9.154512e+01 -9.993015e-01 -1.582254e-02 3.385565e-02 -3.433612e+01 3.335736e-02 3.076088e-02 9.989700e-01 3.751821e+00
-2.865355e-02 9.991365e-01 -3.008577e-02 9.151635e+01 -9.990189e-01 -2.760748e-02 3.462742e-02 -3.516719e+01 3.376693e-02 3.104845e-02 9.989473e-01 3.789352e+00
-3.905841e-02 9.988011e-01 -2.951054e-02 9.148163e+01 -9.986370e-01 -3.799471e-02 3.578417e-02 -3.591849e+01 3.462002e-02 3.086800e-02 9.989237e-01 3.821961e+00
-4.908996e-02 9.983442e-01 -2.998443e-02 9.143951e+01 -9.981684e-01 -4.797437e-02 3.685615e-02 -3.666281e+01 3.535664e-02 3.173877e-02 9.988706e-01 3.854180e+00
-5.931103e-02 9.977703e-01 -3.060361e-02 9.138448e+01 -9.975954e-01 -5.814375e-02 3.771788e-02 -3.747213e+01 3.585437e-02 3.276711e-02 9.988197e-01 3.890528e+00
-6.863702e-02 9.971608e-01 -3.097257e-02 9.132567e+01 -9.969918e-01 -6.743882e-02 3.820157e-02 -3.819990e+01 3.600436e-02 3.350144e-02 9.987899e-01 3.924837e+00
-7.873982e-02 9.964017e-01 -3.136329e-02 9.125698e+01 -9.962523e-01 -7.752041e-02 3.836525e-02 -3.899226e+01 3.579591e-02 3.426663e-02 9.987715e-01 3.961073e+00
-8.708676e-02 9.956685e-01 -3.255838e-02 9.118550e+01 -9.955775e-01 -8.582992e-02 3.819180e-02 -3.970366e+01 3.523189e-02 3.574039e-02 9.987399e-01 3.995363e+00
-9.428592e-02 9.949640e-01 -3.401051e-02 9.110883e+01 -9.949765e-01 -9.302253e-02 3.699445e-02 -4.040744e+01 3.364441e-02 3.732772e-02 9.987365e-01 4.030148e+00
-9.995118e-02 9.943022e-01 -3.705280e-02 9.101923e+01 -9.944896e-01 -9.864771e-02 3.548379e-02 -4.116954e+01 3.162644e-02 4.039527e-02 9.986831e-01 4.070491e+00
-1.037627e-01 9.937932e-01 -4.010584e-02 9.093492e+01 -9.941646e-01 -1.024369e-01 3.381369e-02 -4.185593e+01 2.949550e-02 4.338041e-02 9.986231e-01 4.103072e+00
-1.065578e-01 9.934230e-01 -4.190779e-02 9.085052e+01 -9.939121e-01 -1.052338e-01 3.262869e-02 -4.253163e+01 2.800397e-02 4.512950e-02 9.985886e-01 4.133153e+00
-1.084665e-01 9.931927e-01 -4.246520e-02 9.075806e+01 -9.937298e-01 -1.071612e-01 3.189961e-02 -4.325934e+01 2.713184e-02 4.565898e-02 9.985886e-01 4.164449e+00
-1.094455e-01 9.930691e-01 -4.284310e-02 9.067486e+01 -9.936218e-01 -1.081254e-01 3.201079e-02 -4.390721e+01 2.715650e-02 4.607328e-02 9.985689e-01 4.190929e+00
-1.088662e-01 9.930940e-01 -4.373200e-02 9.059172e+01 -9.936555e-01 -1.074677e-01 3.315673e-02 -4.453862e+01 2.822797e-02 4.706419e-02 9.984929e-01 4.216029e+00
-1.060229e-01 9.933513e-01 -4.485903e-02 9.050324e+01 -9.939247e-01 -1.045279e-01 3.446123e-02 -4.521530e+01 2.954308e-02 4.824018e-02 9.983988e-01 4.243227e+00
-1.013380e-01 9.938365e-01 -4.494039e-02 9.042877e+01 -9.943849e-01 -9.980276e-02 3.518693e-02 -4.581178e+01 3.048488e-02 4.825381e-02 9.983698e-01 4.267877e+00
-9.328404e-02 9.946532e-01 -4.430719e-02 9.035480e+01 -9.951445e-01 -9.174222e-02 3.564675e-02 -4.644751e+01 3.139131e-02 4.741733e-02 9.983818e-01 4.295220e+00
-8.274636e-02 9.956188e-01 -4.354703e-02 9.029370e+01 -9.960536e-01 -8.121697e-02 3.579272e-02 -4.700396e+01 3.209915e-02 4.633690e-02 9.984100e-01 4.320716e+00
-6.981782e-02 9.966148e-01 -4.341030e-02 9.024009e+01 -9.970243e-01 -6.828866e-02 3.576521e-02 -4.754149e+01 3.267971e-02 4.577818e-02 9.984169e-01 4.346596e+00
-5.217684e-02 9.977350e-01 -4.245505e-02 9.019491e+01 -9.980335e-01 -5.061932e-02 3.697028e-02 -4.811252e+01 3.473750e-02 4.430056e-02 9.984141e-01 4.372772e+00
-3.225625e-02 9.986171e-01 -4.151469e-02 9.016660e+01 -9.987547e-01 -3.062337e-02 3.938515e-02 -4.862283e+01 3.805936e-02 4.273341e-02 9.983613e-01 4.399197e+00
-9.187702e-03 9.991481e-01 -4.023244e-02 9.014796e+01 -9.990809e-01 -7.487567e-03 4.220646e-02 -4.912702e+01 4.186926e-02 4.058324e-02 9.982985e-01 4.425122e+00
2.026844e-02 9.990308e-01 -3.907316e-02 9.013763e+01 -9.988002e-01 2.197543e-02 4.376435e-02 -4.967499e+01 4.458058e-02 3.813924e-02 9.982775e-01 4.453118e+00
5.180441e-02 9.979214e-01 -3.832978e-02 9.014209e+01 -9.976317e-01 5.345203e-02 4.328763e-02 -5.016911e+01 4.524646e-02 3.599652e-02 9.983271e-01 4.480675e+00
8.784742e-02 9.954000e-01 -3.823224e-02 9.016032e+01 -9.951632e-01 8.939116e-02 4.073644e-02 -5.065697e+01 4.396668e-02 3.446873e-02 9.984382e-01 4.510635e+00
1.318781e-01 9.905750e-01 -3.700449e-02 9.020078e+01 -9.904073e-01 1.332254e-01 3.666431e-02 -5.118681e+01 4.124869e-02 3.181430e-02 9.986423e-01 4.545773e+00
1.749418e-01 9.839678e-01 -3.467915e-02 9.025869e+01 -9.838687e-01 1.760446e-01 3.179134e-02 -5.165986e+01 3.738674e-02 2.855810e-02 9.988927e-01 4.578352e+00
2.207716e-01 9.748362e-01 -3.089194e-02 9.033371e+01 -9.747226e-01 2.216380e-01 2.815095e-02 -5.212867e+01 3.428939e-02 2.389614e-02 9.991262e-01 4.610103e+00
2.744333e-01 9.612159e-01 -2.739073e-02 9.044492e+01 -9.610530e-01 2.751302e-01 2.608601e-02 -5.262983e+01 3.261030e-02 1.916508e-02 9.992844e-01 4.644538e+00
3.263263e-01 9.448759e-01 -2.684436e-02 9.056546e+01 -9.446901e-01 3.269826e-01 2.535833e-02 -5.307131e+01 3.273812e-02 1.708451e-02 9.993179e-01 4.669375e+00
3.812341e-01 9.239759e-01 -3.048034e-02 9.070449e+01 -9.238215e-01 3.819989e-01 2.511498e-02 -5.350045e+01 3.484909e-02 1.858371e-02 9.992198e-01 4.693820e+00
4.437328e-01 8.955079e-01 -3.415818e-02 9.088218e+01 -8.952696e-01 4.446681e-01 2.761703e-02 -5.395412e+01 3.992032e-02 1.832619e-02 9.990348e-01 4.717856e+00
5.003216e-01 8.649527e-01 -3.918022e-02 9.106986e+01 -8.646279e-01 5.015028e-01 3.022580e-02 -5.434895e+01 4.579288e-02 1.875369e-02 9.987749e-01 4.739180e+00
5.612499e-01 8.267027e-01 -3.951068e-02 9.130502e+01 -8.261165e-01 5.624750e-01 3.396008e-02 -5.476243e+01 5.029866e-02 1.358034e-02 9.986419e-01 4.760418e+00
6.144217e-01 7.879860e-01 -3.954726e-02 9.154543e+01 -7.871933e-01 6.156308e-01 3.640642e-02 -5.511813e+01 5.303426e-02 8.762440e-03 9.985542e-01 4.780792e+00
6.651299e-01 7.455897e-01 -4.120840e-02 9.180692e+01 -7.447099e-01 6.663760e-01 3.674603e-02 -5.545648e+01 5.485775e-02 6.247424e-03 9.984746e-01 4.803897e+00
7.170401e-01 6.957584e-01 -4.211522e-02 9.211678e+01 -6.949368e-01 7.182599e-01 3.413954e-02 -5.580761e+01 5.400255e-02 4.787993e-03 9.985293e-01 4.834716e+00
7.607900e-01 6.478357e-01 -3.882687e-02 9.241963e+01 -6.471487e-01 7.617764e-01 2.992155e-02 -5.610273e+01 4.896164e-02 2.362737e-03 9.987979e-01 4.867038e+00
8.013242e-01 5.972712e-01 -3.386084e-02 9.274182e+01 -5.967633e-01 8.020392e-01 2.463276e-02 -5.637466e+01 4.187016e-02 4.680741e-04 9.991230e-01 4.901730e+00
8.407667e-01 5.406593e-01 -2.826563e-02 9.312021e+01 -5.402577e-01 8.412383e-01 2.096974e-02 -5.664808e+01 3.511562e-02 -2.359934e-03 9.993805e-01 4.936211e+00
8.715502e-01 4.897936e-01 -2.241665e-02 9.348382e+01 -4.895049e-01 8.718288e-01 1.730771e-02 -5.687602e+01 2.802068e-02 -4.111476e-03 9.995989e-01 4.964172e+00
8.970667e-01 4.415952e-01 -1.627965e-02 9.386548e+01 -4.413440e-01 8.971790e-01 1.688992e-02 -5.708262e+01 2.206427e-02 -7.966457e-03 9.997248e-01 4.991527e+00
9.194346e-01 3.930573e-01 -1.208422e-02 9.430207e+01 -3.928226e-01 9.194384e-01 1.798489e-02 -5.728624e+01 1.817979e-02 -1.178898e-02 9.997652e-01 5.014482e+00
9.349044e-01 3.548332e-01 -6.870087e-03 9.472239e+01 -3.545941e-01 9.347275e-01 2.339893e-02 -5.744939e+01 1.472438e-02 -1.943967e-02 9.997026e-01 5.026611e+00
9.481118e-01 3.178546e-01 -7.247473e-03 9.519224e+01 -3.175500e-01 9.478357e-01 2.773992e-02 -5.761260e+01 1.568668e-02 -2.399911e-02 9.995889e-01 5.031507e+00
9.575607e-01 2.881328e-01 -7.552269e-03 9.563132e+01 -2.877991e-01 9.572300e-01 2.970471e-02 -5.775312e+01 1.578816e-02 -2.627053e-02 9.995302e-01 5.036394e+00
9.638629e-01 2.662254e-01 -9.610875e-03 9.607600e+01 -2.659412e-01 9.636945e-01 2.383816e-02 -5.788617e+01 1.560827e-02 -2.042079e-02 9.996696e-01 5.047361e+00
9.683393e-01 2.494468e-01 -9.761595e-03 9.657567e+01 -2.492124e-01 9.682318e-01 2.050035e-02 -5.802235e+01 1.456523e-02 -1.741859e-02 9.997422e-01 5.064184e+00
9.713786e-01 2.373547e-01 -9.297133e-03 9.704387e+01 -2.370769e-01 9.711894e-01 2.419970e-02 -5.813914e+01 1.477319e-02 -2.130294e-02 9.996639e-01 5.070742e+00
9.738069e-01 2.272455e-01 -7.715960e-03 9.757379e+01 -2.269258e-01 9.734525e-01 2.991684e-02 -5.826353e+01 1.430959e-02 -2.738228e-02 9.995226e-01 5.071649e+00
9.751152e-01 2.215721e-01 -7.498240e-03 9.806692e+01 -2.211602e-01 9.745456e-01 3.672969e-02 -5.837321e+01 1.544565e-02 -3.415736e-02 9.992971e-01 5.077660e+00
9.757447e-01 2.186750e-01 -1.017935e-02 9.862184e+01 -2.180519e-01 9.749781e-01 4.325608e-02 -5.849497e+01 1.938367e-02 -3.998726e-02 9.990122e-01 5.087637e+00
9.758786e-01 2.179948e-01 -1.179590e-02 9.913493e+01 -2.172757e-01 9.750827e-01 4.477617e-02 -5.860958e+01 2.126294e-02 -4.113314e-02 9.989274e-01 5.103819e+00
9.753503e-01 2.201717e-01 -1.470655e-02 9.965883e+01 -2.193504e-01 9.746526e-01 4.402001e-02 -5.872799e+01 2.402574e-02 -3.970904e-02 9.989224e-01 5.118385e+00
9.742103e-01 2.245051e-01 -2.262175e-02 1.002484e+02 -2.234324e-01 9.738061e-01 4.218511e-02 -5.886439e+01 3.149998e-02 -3.604274e-02 9.988537e-01 5.127187e+00
9.731595e-01 2.284555e-01 -2.772483e-02 1.007943e+02 -2.272045e-01 9.729374e-01 4.208226e-02 -5.899065e+01 3.658844e-02 -3.465355e-02 9.987294e-01 5.137474e+00
9.722069e-01 2.326939e-01 -2.583245e-02 1.013542e+02 -2.313404e-01 9.717467e-01 4.679712e-02 -5.911792e+01 3.599201e-02 -3.952039e-02 9.985703e-01 5.157173e+00
9.708914e-01 2.386274e-01 -2.066248e-02 1.019822e+02 -2.373601e-01 9.701081e-01 5.050282e-02 -5.925940e+01 3.209620e-02 -4.412831e-02 9.985102e-01 5.184240e+00
9.698313e-01 2.431981e-01 -1.679286e-02 1.025628e+02 -2.421793e-01 9.690600e-01 4.766390e-02 -5.940186e+01 2.786506e-02 -4.215906e-02 9.987223e-01 5.211872e+00
9.689360e-01 2.470431e-01 -1.151900e-02 1.032106e+02 -2.463521e-01 9.682283e-01 4.294931e-02 -5.956726e+01 2.176335e-02 -3.877740e-02 9.990108e-01 5.242855e+00
9.681323e-01 2.503304e-01 -7.384629e-03 1.038117e+02 -2.498441e-01 9.674430e-01 4.039769e-02 -5.972135e+01 1.725698e-02 -3.726530e-02 9.991564e-01 5.267822e+00
9.673467e-01 2.533511e-01 -7.322400e-03 1.044215e+02 -2.529366e-01 9.668080e-01 3.612984e-02 -5.987852e+01 1.623289e-02 -3.309798e-02 9.993203e-01 5.286025e+00
9.671691e-01 2.538839e-01 -1.126736e-02 1.051003e+02 -2.534142e-01 9.668162e-01 3.236750e-02 -6.006004e+01 1.911105e-02 -2.844953e-02 9.994125e-01 5.303229e+00
9.671739e-01 2.535049e-01 -1.760497e-02 1.057273e+02 -2.528793e-01 9.669816e-01 3.160233e-02 -6.022603e+01 2.503503e-02 -2.611302e-02 9.993455e-01 5.316413e+00
9.671782e-01 2.528478e-01 -2.518552e-02 1.063652e+02 -2.519803e-01 9.671637e-01 3.317170e-02 -6.039068e+01 3.274592e-02 -2.573669e-02 9.991323e-01 5.327943e+00
9.676845e-01 2.504800e-01 -2.909416e-02 1.070809e+02 -2.493698e-01 9.676992e-01 3.705286e-02 -6.057633e+01 3.743540e-02 -2.860028e-02 9.988897e-01 5.344379e+00
9.684070e-01 2.480960e-01 -2.522488e-02 1.077435e+02 -2.471452e-01 9.683219e-01 3.566417e-02 -6.074716e+01 3.327394e-02 -2.830322e-02 9.990454e-01 5.369989e+00
9.690142e-01 2.463199e-01 -1.838342e-02 1.084866e+02 -2.456914e-01 9.688531e-01 3.097370e-02 -6.093782e+01 2.544028e-02 -2.549730e-02 9.993511e-01 5.407425e+00
9.697212e-01 2.439437e-01 -1.150098e-02 1.091721e+02 -2.434912e-01 9.693981e-01 3.129387e-02 -6.111171e+01 1.878297e-02 -2.754594e-02 9.994441e-01 5.440443e+00
9.701619e-01 2.421927e-01 -1.134138e-02 1.098685e+02 -2.416872e-01 9.697458e-01 3.435693e-02 -6.128232e+01 1.931925e-02 -3.059072e-02 9.993453e-01 5.461356e+00
9.706023e-01 2.402255e-01 -1.492674e-02 1.106453e+02 -2.394657e-01 9.700554e-01 4.060323e-02 -6.146872e+01 2.423370e-02 -3.583515e-02 9.990638e-01 5.476957e+00
9.713852e-01 2.366542e-01 -2.013729e-02 1.113604e+02 -2.356854e-01 9.709418e-01 4.152613e-02 -6.164461e+01 2.937947e-02 -3.559181e-02 9.989345e-01 5.491515e+00
9.722580e-01 2.327177e-01 -2.359656e-02 1.120864e+02 -2.316530e-01 9.719438e-01 4.076937e-02 -6.182065e+01 3.242229e-02 -3.417214e-02 9.988899e-01 5.511144e+00
9.732289e-01 2.287365e-01 -2.247465e-02 1.128981e+02 -2.277789e-01 9.729474e-01 3.860288e-02 -6.201493e+01 3.069654e-02 -3.245019e-02 9.990019e-01 5.541969e+00
9.740484e-01 2.252629e-01 -2.205564e-02 1.136458e+02 -2.244473e-01 9.738818e-01 3.431540e-02 -6.219216e+01 2.920957e-02 -2.847453e-02 9.991677e-01 5.573450e+00
9.745082e-01 2.235070e-01 -1.945359e-02 1.144030e+02 -2.228044e-01 9.743080e-01 3.289578e-02 -6.236833e+01 2.630623e-02 -2.772287e-02 9.992694e-01 5.605275e+00
9.749245e-01 2.218605e-01 -1.732745e-02 1.152587e+02 -2.212963e-01 9.747572e-01 2.960258e-02 -6.256302e+01 2.345770e-02 -2.502578e-02 9.994116e-01 5.635761e+00
9.750742e-01 2.212068e-01 -1.725921e-02 1.160392e+02 -2.207637e-01 9.750228e-01 2.437124e-02 -6.274189e+01 2.221920e-02 -1.995356e-02 9.995540e-01 5.662140e+00
9.752423e-01 2.205856e-01 -1.563582e-02 1.169064e+02 -2.201591e-01 9.751396e-01 2.515478e-02 -6.293734e+01 2.079589e-02 -2.108963e-02 9.995613e-01 5.691441e+00
